,id,member_id,loan_amnt,funded_amnt,funded_amnt_inv,int_rate,installment,annual_inc,dti,delinq_2yrs,inq_last_6mths,mths_since_last_delinq,mths_since_last_record,open_acc,pub_rec,revol_bal,total_acc,out_prncp,out_prncp_inv,total_pymnt,total_pymnt_inv,total_rec_prncp,total_rec_int,total_rec_late_fee,recoveries,collection_recovery_fee,last_pymnt_amnt,collections_12_mths_ex_med,mths_since_last_major_derog,policy_code,annual_inc_joint,dti_joint,acc_now_delinq,tot_coll_amt,tot_cur_bal,open_acc_6m,open_il_6m,open_il_12m,open_il_24m,mths_since_rcnt_il,total_bal_il,il_util,open_rv_12m,open_rv_24m,max_bal_bc,all_util,total_rev_hi_lim,inq_fi,total_cu_tl,inq_last_12m,acc_open_past_24mths,avg_cur_bal,bc_open_to_buy,bc_util,chargeoff_within_12_mths,delinq_amnt,mo_sin_old_il_acct,mo_sin_old_rev_tl_op,mo_sin_rcnt_rev_tl_op,mo_sin_rcnt_tl,mort_acc,mths_since_recent_bc,mths_since_recent_bc_dlq,mths_since_recent_inq,mths_since_recent_revol_delinq,num_accts_ever_120_pd,num_actv_bc_tl,num_actv_rev_tl,num_bc_sats,num_bc_tl,num_il_tl,num_op_rev_tl,num_rev_accts,num_rev_tl_bal_gt_0,num_sats,num_tl_120dpd_2m,num_tl_30dpd,num_tl_90g_dpd_24m,num_tl_op_past_12m,pct_tl_nvr_dlq,percent_bc_gt_75,pub_rec_bankruptcies,tax_liens,tot_hi_cred_lim,total_bal_ex_mort,total_bc_limit,total_il_high_credit_limit
id,1.0,0.9975401341167067,-0.008287989409645006,-0.008287989409645006,-0.008554223691551474,-0.05340191349949567,-0.01291898590948178,0.015055475458858825,0.005692177625003179,0.002300398434385209,0.0006596623185938183,0.006321803914588295,-0.037318962097420416,0.006309349306948184,0.0035011727350262654,0.003774427370297316,-0.014478788484577836,0.19218658246319534,0.1920577910774415,-0.21988313607681392,-0.22007779076962175,-0.18835290252182119,-0.16588462282240723,-0.015779262235664483,-0.07002726889359778,-0.07059431765866049,-0.0688436247417238,0.011952851607929806,0.02122101645627781,,0.05625995079050015,0.09284599685463187,-0.004834047101791787,0.0023120557137716116,0.01124119250318092,0.012745588867384923,0.002459572072610725,0.0063825770172574355,0.0013708038662062622,0.00230952903845834,0.009510012769271239,0.009613697703769226,0.011796767900894164,0.004960032603001627,-0.0005433787743025577,0.0003988710327974433,0.019248806331380718,-0.013578607803835145,-0.0009141031153008352,-0.0014121577522256865,0.015502070579128639,0.007555605955932182,0.02219543308785039,-0.03552859083178182,0.0010749387189270905,0.001961144756426614,8.753687896787443e-05,0.004593452447192308,0.009478437786204974,-0.005305386180091296,-0.01303598816566891,0.004085474982339034,-0.005001442709962943,-0.009251654419157271,-0.0012722091887710848,-0.006172395289154303,-0.006015214024910322,-0.014950748080923998,0.008984244394899154,-0.028204523879056052,0.0006646728418241743,-0.00027471634012840536,-0.017973369197536268,-0.013697994931674262,0.005433405291377459,-0.0052536527950170645,-0.000488427158550217,-0.0006116008924314815,0.008886353827143959,-0.010365694608100292,-0.03496289171804975,0.004595392114906708,-0.0009910576435445803,0.015609097211736324,0.012864068511109517,0.017943941204994544,0.020869633135790877
member_id,0.9975401341167067,1.0,-0.00861950063224471,-0.00861950063224471,-0.008884811396390392,-0.0534466339742559,-0.013274367670398995,0.014957713743835387,0.005805869268720565,0.0022614221993262715,0.0007152248411953953,0.006185680714521988,-0.03736647272545483,0.006110761216881048,0.0036353601562420026,0.003744758811243875,-0.014672537268498032,0.19188347814974968,0.1917551383765028,-0.2199448991918051,-0.22013870946040504,-0.18844266110246916,-0.1658607119285844,-0.015748025699955967,-0.06979899340084961,-0.0703717341243109,-0.0689738359974116,0.011891009240103561,0.02118067155053569,,0.05635844467211267,0.09370021717505332,-0.004732019572536011,0.0023289474173510756,0.01090319275999107,0.008559727834152861,0.0005633177290804576,0.005267055786124044,-0.0022383146075945354,0.0036732954840539315,0.005955336287416536,0.00894062073011158,0.006729165007717134,0.003529331819125641,-0.0032945824012009,0.00044752749106639623,0.019147712907970158,-0.013022346121463814,-0.005038374135664773,-0.0017351845947845555,0.01528065828751771,0.007317158134278437,0.022034913172284547,-0.03520368089242567,0.0006546873019470815,0.0019773962235934348,-8.788126164528882e-06,0.004731352133657271,0.0094762167119859,-0.005469176728164943,-0.013260829340702832,0.004028713323569472,-0.005281023549059488,-0.00939661762149124,-0.0014998169661776424,-0.006180000457710454,-0.0059158760402485445,-0.014975856384726491,0.00888945908558158,-0.028131518527712344,0.00037056707831510427,-0.0003172383573383803,-0.01794193452122916,-0.013587104324932427,0.00523676392343818,-0.005196706335808021,-0.0004061072852209027,-0.0007000552280228266,0.008723321301887172,-0.010436718388717677,-0.034596356043927655,0.004624884571271795,-0.0009081370545255396,0.01529676022577338,0.012688150725514843,0.01782241439669945,0.02068440247021953
loan_amnt,-0.008287989409645006,-0.00861950063224471,1.0,1.0,0.9999944873453467,0.1405721295000577,0.9412046763263368,0.30573366755886483,0.00610323196229931,-0.010424065121134377,-0.0390400532145958,-0.03486269365303026,-0.014108493030551275,0.18821436698000496,-0.08889868112057887,0.3346562422750239,0.20842977882329305,0.6239258977095371,0.6239605392844069,0.7061839374833335,0.7061568323445176,0.5562662878781606,0.7365845637796272,0.0518879563061243,0.07787021052700105,0.07918977968128008,0.2598640066834177,-0.027454277378970434,-0.018556346761709787,,0.43886593090318005,0.018768674298507787,0.0006453719172813135,-0.021436761546343056,0.3253521510632417,-0.04048703006651401,0.027938283164968977,-0.0132896342145618,0.02453718890336588,-0.01098511608063341,0.13556424809380005,-0.10732399488555479,-0.05131288645765182,-0.028005340434450562,0.4121649459896129,0.019116586106068353,0.33087658729194985,0.009637775506994378,0.07149956096568562,0.007574014802905817,-0.01011414019847415,0.23815647765001463,0.20266886676505566,0.06421069466153607,-0.005382284391764231,-0.0020956618151784425,0.13711443396766157,0.18375415954068372,0.06654752832053251,0.0416864165800826,0.23157442775566967,0.0518168883343467,-0.057152519300285816,0.008587452301140611,-0.04982845305351546,-0.05735620180565822,0.21299025070212546,0.16456463232571772,0.2221707908529369,0.20350935753070015,0.07485721519254364,0.17486678336667247,0.1750795435322886,0.16629496236700295,0.18932752657119026,-0.0009050825759559099,0.0024606197091205616,-0.031333726817922826,-0.042157942274770384,0.10505629471467408,0.03151649984824476,-0.12442963888356019,0.0020866074000904966,0.34728855277757,0.2895649224545908,0.3958427720098617,0.2030932834386801
funded_amnt,-0.008287989409645006,-0.00861950063224471,1.0,1.0,0.9999944873453467,0.1405721295000577,0.9412046763263368,0.30573366755886483,0.00610323196229931,-0.010424065121134377,-0.0390400532145958,-0.03486269365303026,-0.014108493030551275,0.18821436698000496,-0.08889868112057887,0.3346562422750239,0.20842977882329305,0.6239258977095371,0.6239605392844069,0.7061839374833335,0.7061568323445176,0.5562662878781606,0.7365845637796272,0.0518879563061243,0.07787021052700105,0.07918977968128008,0.2598640066834177,-0.027454277378970434,-0.018556346761709787,,0.43886593090318005,0.018768674298507787,0.0006453719172813135,-0.021436761546343056,0.3253521510632417,-0.04048703006651401,0.027938283164968977,-0.0132896342145618,0.02453718890336588,-0.01098511608063341,0.13556424809380005,-0.10732399488555479,-0.05131288645765182,-0.028005340434450562,0.4121649459896129,0.019116586106068353,0.33087658729194985,0.009637775506994378,0.07149956096568562,0.007574014802905817,-0.01011414019847415,0.23815647765001463,0.20266886676505566,0.06421069466153607,-0.005382284391764231,-0.0020956618151784425,0.13711443396766157,0.18375415954068372,0.06654752832053251,0.0416864165800826,0.23157442775566967,0.0518168883343467,-0.057152519300285816,0.008587452301140611,-0.04982845305351546,-0.05735620180565822,0.21299025070212546,0.16456463232571772,0.2221707908529369,0.20350935753070015,0.07485721519254364,0.17486678336667247,0.1750795435322886,0.16629496236700295,0.18932752657119026,-0.0009050825759559099,0.0024606197091205616,-0.031333726817922826,-0.042157942274770384,0.10505629471467408,0.03151649984824476,-0.12442963888356019,0.0020866074000904966,0.34728855277757,0.2895649224545908,0.3958427720098617,0.2030932834386801
funded_amnt_inv,-0.008554223691551474,-0.008884811396390392,0.9999944873453467,0.9999944873453467,1.0,0.14020936262708433,0.9411866175902347,0.3058026272132284,0.006043536873543742,-0.010447637074461441,-0.03910297642238229,-0.034832863849436006,-0.014015740798976098,0.18821151403644965,-0.0888847187301011,0.33466368392378865,0.20846354079565857,0.6238575972868913,0.623899177682128,0.7062585597343267,0.7062389074316778,0.5563772535552002,0.7364828156521841,0.05186054593228904,0.07786911464409571,0.0791857313282543,0.25987763105591344,-0.027480157551254845,-0.018534549677516044,,0.4392126570149656,0.01846073819371169,0.0006296339091833639,-0.021435225714868146,0.3254011910029738,-0.04060018110108633,0.027902049352288388,-0.01343788710421761,0.024387700359591657,-0.010900852474700809,0.13552866294773078,-0.10741140590452976,-0.0514389070414828,-0.02811800405765669,0.41226768671806635,0.01891239688495882,0.3309584690564113,0.009548135465715733,0.07151517945330821,0.007450900378838801,-0.010220963397737027,0.23819768059512555,0.2028285283077534,0.06407312883060362,-0.0053972729577615895,-0.002097287516828822,0.13716946786828546,0.18384040285107053,0.06659251322819908,0.04174998679913324,0.2316303021076682,0.05185619048442673,-0.05715539169051708,0.008646715205514315,-0.0498099455164915,-0.05738869756167857,0.21298703010030856,0.16452471207382852,0.22221148426390924,0.2035760219388903,0.07484155086501212,0.17487918409770023,0.1751275308827758,0.16625258905029397,0.18932518441443233,-0.0009180686058363022,0.002447553648021949,-0.031349177093968145,-0.042263297614163114,0.10509621570320112,0.03138219609101215,-0.12439426615997086,0.002070211289119494,0.347355187141802,0.2895536515760651,0.3959727044788819,0.20308479024799497
int_rate,-0.05340191349949567,-0.0534466339742559,0.1405721295000577,0.1405721295000577,0.14020936262708433,1.0,0.1244257934352752,-0.09039889341515167,0.07793225670494305,0.04370999094450441,0.23113929106930942,-0.015459195774139574,0.009398267351542809,-0.012985093977833165,0.05823060749454823,-0.05741173921858214,-0.04021091939321321,0.1063146702923232,0.10608053852856691,0.0872561074840131,0.08702751011944454,-0.05737915159987,0.5046167579840399,0.06368469393904976,0.11982452848122252,0.12318017760359526,0.06975510390659131,0.019234326409950354,0.0016524776288456599,,-0.0990257337755612,0.28734506089674394,0.02749460735972104,0.009696983237280831,-0.0870108056886659,0.22598259339976684,0.04427689278912534,0.2450276062481585,0.19940272858422484,-0.12843474973585015,0.05242808853015712,0.18355013550673707,0.1767229684953764,0.1712299654408965,-0.10468458413164262,0.28779878892318206,-0.17488609499923086,0.17097282505695816,0.02068540302873804,0.2570768403636663,0.2287819662114088,-0.08187367464945583,-0.29322658416938874,0.22661964846521085,0.011912560666613399,0.009646745931519644,-0.08095637335926209,-0.1601335794559757,-0.1220279067985831,-0.15017914138271385,-0.0761307539073927,-0.09682768923490945,0.023891098250917318,-0.18454456011154458,0.013656904840996699,0.04463233435311488,-0.018757823762913347,0.06642219115955034,-0.08329897704157685,-0.11596767386609744,0.03326818299616758,-0.022542752864316503,-0.06769897210656779,0.06393776989628276,-0.014050121521185122,0.010100211269225091,0.021896605919500454,0.03134351358321027,0.2568312188513209,-0.061652028306098144,0.23394206572179896,0.06507771966970849,0.012233847130472304,-0.12108127940830815,-0.0006764724835386907,-0.2572219102936508,0.004055139630019747
installment,-0.01291898590948178,-0.013274367670398995,0.9412046763263368,0.9412046763263368,0.9411866175902347,0.1244257934352752,1.0,0.29739250883704516,0.0018929642174970276,-0.0021294727631451385,-0.006255117767066055,-0.03704573682821512,-0.025066004481102102,0.16999479408505605,-0.0733985861279209,0.3140900607909114,0.18350861328951046,0.5067316156650415,0.5067446953031759,0.7325788608006023,0.7325450721098226,0.6082796963676347,0.6549897764339095,0.06373878820126912,0.08206069248320542,0.08416383923748694,0.26413022797072533,-0.022146356262298553,-0.018268423864971683,,0.4051408342071606,-0.001333737789976105,0.0041081779415526294,-0.01680249950622258,0.29546769592655947,-0.0188573800455014,0.015979538432339343,0.0001357450095259206,0.021197333231230193,-0.011280700974017507,0.1160036573707396,-0.10256447754529012,-0.022896800125823697,-0.004272580819256191,0.385606213800391,0.0250631834824086,0.30347649459998305,0.015149386298246543,0.05615088457703208,0.030314399716386102,0.010294954060479413,0.21590232848641036,0.17480930045165577,0.0710711915159543,-0.002995773465078247,-0.0007603439166435736,0.10978880654244376,0.15880019703704765,0.047058623545189075,0.02712032469539538,0.20212764243477593,0.03305681919694261,-0.051084116884118076,-0.01182380703759241,-0.04697313850192551,-0.04564559241513486,0.20227064127705124,0.16109195890701725,0.2082377649763986,0.18697140430907302,0.056563304599129824,0.16464271405782738,0.16214203956297416,0.16107891699555427,0.17064919816562196,0.00037806149947188254,0.005279226456755587,-0.024302159200463816,-0.010655703264021509,0.08521693209865343,0.038320409407673825,-0.11266286617040944,0.01027855981083181,0.3153730082440032,0.2652236891762191,0.3587180820919016,0.18121475086388816
annual_inc,0.015055475458858825,0.014957713743835387,0.30573366755886483,0.30573366755886483,0.3058026272132284,-0.09039889341515167,0.29739250883704516,1.0,-0.0682374940612214,0.03790997668700001,0.022989833917895223,-0.04366264934837317,-0.08753833137746642,0.12232793541216853,-0.006738683668921668,0.270173980268432,0.1598040243805094,0.17178011927056258,0.17183644580349286,0.2338169876639672,0.23385356173110572,0.20998790808630874,0.1573456351081419,0.02522402084618231,0.011109666122434789,0.010418375245040785,0.09826388922566298,-0.007785018550710592,-0.02249764868663877,,0.7110908870241505,-0.08587303887573934,0.012628160954243382,-0.0005089748400952731,0.3790080750615277,0.04400299356545538,0.0632219834154457,0.08816300062477676,0.11950470075772027,-0.07573640284095126,0.21580821633006358,-0.05026373951340161,-0.006532070561286757,-0.01184418832163538,0.32383775657145825,0.00977274553820082,0.2565527065491365,0.06375820446947486,0.0524324521716049,0.08008481596131152,0.04544562045215852,0.29364241727006707,0.1437141838943528,-0.0010329840520230651,0.0074222692309774295,0.005692641972695717,0.10756735258827661,0.13014772100446434,0.03140311653047435,-0.021289799639213465,0.20904640118665968,0.025358188381685024,-0.04201357786155607,-0.038173838393427154,-0.036920109198103304,0.01639952837368425,0.10689249117346229,0.07420409977658392,0.12044574880978194,0.12537918847035368,0.08412654218371705,0.07637466809145504,0.09953415697206064,0.07373860465836907,0.12211352332207881,0.005850463251855282,0.011601919854262363,0.005708957590589762,0.0453303917216337,-0.0058660557261197436,-0.015208929467141304,-0.05031240491508046,0.03832335431316221,0.39112885454084334,0.29756342674757796,0.25718392548632674,0.24263660023582068
dti,0.005692177625003179,0.005805869268720565,0.00610323196229931,0.00610323196229931,0.006043536873543742,0.07793225670494305,0.0018929642174970276,-0.0682374940612214,1.0,-0.005867610479526862,0.0032770971178294034,-0.0002187182178175055,0.08346453236376952,0.10436353059692269,-0.023199954187428137,0.04813511389420286,0.08049949451517059,0.022774090153016013,0.022735973687709975,-0.015898344438081767,-0.015935422928695736,-0.029406308874925253,0.039613675019889355,-0.0011502382605560278,0.009552974876844474,0.010185042376863743,-0.01819417342040857,-0.003588291437501488,0.0023714043816332768,,0.0016544085647224398,0.006210990231572099,0.0005834252356734566,-0.0076186665436663,-0.005142186775269587,0.005226780930043601,0.028667934808514584,0.020348119355812364,0.031041298735574447,-0.03644738061453664,0.028134111057292136,-0.004219326460602459,-0.0030159466849441876,-0.0010526548416162317,0.010856482976858248,0.03476886294180345,0.026436857940788514,0.011065052394491664,0.011850654746174711,0.0014160660005691121,0.055647442445346626,-0.05036590732244778,-0.029073101599011573,0.06783490439993196,-0.0023404889357585257,-0.002667081798179331,0.012865824008854235,0.01827623534727176,-0.0120878775265567,-0.037805811481660345,-0.02004363923129536,0.001114268830150887,-0.0017566706725035224,-0.0013687402558863854,-0.0033531109455923764,-0.02206009829606003,0.06276436224481284,0.09422493139556885,0.04061682452981573,0.028171177017334396,0.08172950450954439,0.06851309404962747,0.04962380352615353,0.09545381427633688,0.10428004099128954,-0.002250508517720775,0.002671255185862506,-0.005475991463492198,0.03169776998195873,0.04202006152225982,0.06382563548056684,-0.015054437973379069,-0.014954209703982852,-0.0006741836304165735,0.10083081322840591,0.012969447051148433,0.11368466026185933
delinq_2yrs,0.002300398434385209,0.0022614221993262715,-0.010424065121134377,-0.010424065121134377,-0.010447637074461441,0.04370999094450441,-0.0021294727631451385,0.03790997668700001,-0.005867610479526862,1.0,0.036138860642392356,-0.5537544546202067,-0.09550244785960606,0.040005165677531235,-0.01522028965808987,-0.03580146930669359,0.11462261468993917,0.0009391023990570024,0.0009256270317545783,-0.013172962764167738,-0.013186191261318618,-0.019933862544071715,0.018005151251736896,0.03679660457692884,0.004776767021474452,0.005139200444154797,-0.016187737691967366,0.0769252626247129,-0.41655474218582705,,0.0704798428771026,0.01582675344290835,0.13268544872463656,0.0007622206056188471,0.05815544769615196,0.001993933874835864,0.05504304793974508,-0.0020450485711279278,-0.01723314432763899,0.0049885129410165065,0.061544834343808585,-0.012284002296647145,-0.02596008063559841,-0.05431764802021627,-0.06361685742873197,0.0032640241654867007,-0.04808283554494658,0.04083023452373151,0.01474592186552056,0.035142907750743205,-0.05290845873999531,0.049644814245201396,-0.05424412074100718,-0.017033323973776326,0.14423861338784383,0.030823412545627333,0.07946459849945706,0.077313370580074,0.03087710691078929,0.01640895216158436,0.072891132688577,0.054750137688780724,-0.4802153976417222,-0.031239121902464157,-0.5052853188463168,0.2020650139758311,-0.05198115472765937,-0.01343831427958643,-0.03442771355202556,0.028650385959024638,0.08218652312031276,-0.002977677558038249,0.07203955731230412,-0.017750784682239184,0.03680912442597478,0.04822078197239009,0.11140134738909595,0.6497620193990681,-0.017942940873779796,-0.45142232589557907,-0.016562455244756132,-0.040507674392861556,0.011365669353473707,0.059348801752754886,0.02692901343453758,-0.08179313212288028,0.0614655717680135
inq_last_6mths,0.0006596623185938183,0.0007152248411953953,-0.0390400532145958,-0.0390400532145958,-0.03910297642238229,0.23113929106930942,-0.006255117767066055,0.022989833917895223,0.0032770971178294034,0.036138860642392356,1.0,0.02678325965195989,-0.07085711775271111,0.15914424847372105,0.09738184482075586,-0.01230299330360361,0.16102868527439956,-0.061120648280409764,-0.06116050992135197,-0.0082324904215499,-0.008275641968952618,-0.021095860630729196,0.03293676904348689,0.019329878969830426,0.039129413061288414,0.0401939335051772,0.022819182206645257,0.025800761359945374,0.031239340537047126,,0.05284189420207364,0.016370271864418768,-0.0005634214413601457,0.020748943332695648,0.007575700437775509,0.4390062543624615,0.03983599053125877,0.14987700645922833,0.12717989649936356,-0.07955951153533054,0.05241238004879715,0.07546752553127874,0.3569467167629517,0.31265399723644727,-0.06951439796976572,-0.03640614967791006,0.013128074751936423,0.20691973367921265,0.0325303569088296,0.49056116185713433,0.3134720156359323,-0.05135932942881914,0.005738208580298614,-0.07665076013695639,0.020136128210416923,0.00845724184622487,0.014022136961781824,-0.003108047072373272,-0.2127914917937902,-0.23165268598314545,0.021717188001824844,-0.1529706132974685,0.05017772622569182,-0.547383752879006,0.04728678956907396,0.06015739542619985,0.09347645031052508,0.15918495569823826,0.14482309442880206,0.13609085919717417,0.06360066066489271,0.1644800267505214,0.1715027269947229,0.1340690000427573,0.1544518756366501,0.0018841937970267533,-0.004538640887289545,0.049446494929200946,0.37018670183311303,-0.05829043797308675,-0.0696484257882418,0.1202604509118041,0.018906004415688068,0.009544605481838227,0.02961511474122836,-0.012922606984904283,0.03950624121140831
mths_since_last_delinq,0.006321803914588295,0.006185680714521988,-0.03486269365303026,-0.03486269365303026,-0.034832863849436006,-0.015459195774139574,-0.03704573682821512,-0.04366264934837317,-0.0002187182178175055,-0.5537544546202067,0.02678325965195989,1.0,-0.007373642213566349,-0.03966148020566214,0.10394969210405595,-0.027621918496418686,-0.03347817819936996,-0.03124967434519384,-0.03123613862049479,-0.015817010531864645,-0.015797040946687088,-0.006297535548529841,-0.03583956180059898,-0.03255138539126598,-0.006182371734775454,-0.006288070103201493,0.013509891270891998,-0.03889867999015013,0.6815526089710693,,-0.03638317267825382,0.002940118998647817,-0.14689259499962737,0.03784286822260667,-0.0876592527428388,0.06266313637386163,-0.030846906516678325,0.044909761268598275,0.055072812618034137,-0.02635655658991381,-0.029468088436716895,0.05660291571852247,0.08880426140096101,0.12230772591212952,-0.029203577422430908,0.007504226381003709,-0.03268557410160934,-0.009523427841499697,-0.0022131104785542326,0.031041164903478788,0.12982547443484813,-0.07264660058729526,-0.02626976703612799,0.012082890358292577,-0.10173470728354272,-0.029989998485128243,-0.003792844016489955,-0.03892261351491924,-0.07791806071684994,-0.07036301950112087,-0.053406683985798675,-0.09332991674395423,0.7696847445897772,-0.012440021265518202,0.8649956568253874,0.020867948831747613,0.0329591861536832,0.021457829227827938,0.026550395479817697,0.022645726907897568,-0.018500140455901433,-0.008991452710292955,-0.014188382855006645,0.01532149117917093,-0.038652990508229575,-0.052015851705337644,-0.12510013195843642,-0.22055086153137718,0.09914572360120115,0.18565703177027193,0.008203573185655398,0.15399556581248716,0.006747813353288247,-0.09863741605728242,-0.04109230064682808,-0.025005485550489637,-0.04831924920879172
mths_since_last_record,-0.037318962097420416,-0.03736647272545483,-0.014108493030551275,-0.014108493030551275,-0.014015740798976098,0.009398267351542809,-0.025066004481102102,-0.08753833137746642,0.08346453236376952,-0.09550244785960606,-0.07085711775271111,-0.007373642213566349,1.0,0.04616843123605061,-0.2657747643296581,-0.022069651175128123,-0.1289777968116295,-0.0369973453963477,-0.036947759280319466,0.007900955761437806,0.007975316741795104,0.011004240617829715,-0.007852869126008653,-0.021310634689518475,0.0040390148218477015,0.003289655371896526,0.03705923183559658,-0.015383000659858814,0.06256006641615111,,-0.06265173587712797,0.009629229873592724,-0.012844751275858516,-0.048726407546632884,-0.0249393505827172,-0.023445526806848353,0.0075263317300126925,0.031312146936196515,0.055796032225840744,-0.03822944553747572,0.002559690217175753,0.03380937051439509,-0.0628914629810124,-0.06919611918708242,-0.0026646336183511615,0.03411514751343226,-0.010570503380206313,-0.030852916235241713,0.02199041021461846,-0.0487488963513714,-0.01874214493070316,-0.04120548439482105,-0.03878598554404917,0.06683778992081756,-0.043149761989355113,-0.0033918191212417895,-0.05311264160515709,-0.12104442105814614,-0.011376040189600123,0.002069461086643191,-0.10803870998345719,0.003009989762148768,-0.021036201588697616,0.05204539981495925,-0.03843490436033245,-0.14983164554455317,0.019436959261029254,0.046215069854926676,-0.029696411245063486,-0.15783042203214237,-0.02106528438636382,0.055654894452327124,-0.13230713063322883,0.06076676117124494,0.05302420857692473,-0.009130703884973041,-0.0061128013776641475,-0.0897739409307016,-0.039171251223763096,0.21756543934153766,0.07436081810539508,0.20520062637819403,-0.2721673130651153,-0.033023924422637525,-0.016223939895763394,-0.041631574439558436,-0.011390510520378707
open_acc,0.006309349306948184,0.006110761216881048,0.18821436698000496,0.18821436698000496,0.18821151403644965,-0.012985093977833165,0.16999479408505605,0.12232793541216853,0.10436353059692269,0.040005165677531235,0.15914424847372105,-0.03966148020566214,0.04616843123605061,1.0,-0.029597586028405405,0.22298706970009094,0.7094985037800634,0.11997562165111532,0.11997749572526778,0.12373924886659056,0.1237366866816842,0.09928363157103257,0.12296396969521842,-0.0038410427478703804,0.012872581144684448,0.013590685552328443,0.04697402644159137,0.0032432149656372086,0.01311898858091188,,0.21246221739383464,0.24863415421264665,0.015826322154225966,0.0023374929146868085,0.24524923653811168,0.2720238874471589,0.5155079038244039,0.14277742983426542,0.22218758988650059,-0.1531987655481459,0.3394519611017687,0.12618996657569323,0.34565819118000085,0.4583493060774911,0.10119074762929359,-0.021602666279060954,0.35309540445864696,0.09353401863237779,0.09313801933685253,0.163773820643389,0.4844788918200551,-0.11599827419914856,0.2916765024462172,-0.1127236878008363,0.002429410804683386,0.0018432459934792742,0.12890983036369583,0.1352010485750689,-0.23717729696568,-0.2260084825020589,0.11738198781173079,-0.20975441847416043,-0.015252016247112978,-0.10566032116180132,-0.05569934632020011,0.011543627357608329,0.5518223925662334,0.670931060243188,0.6131069976173231,0.5192005675513777,0.3886005933030234,0.8293592034894053,0.6497465444613306,0.6746762365320709,0.9986024669084695,0.003537975584909573,0.01705405243982457,0.0028045741078573704,0.3610769905719311,0.12775208905891636,-0.10332770689115355,-0.03227932535274872,-0.010631502947853193,0.280702967782675,0.3998900124108741,0.3540276277196467,0.3590847538689578
pub_rec,0.0035011727350262654,0.0036353601562420026,-0.08889868112057887,-0.08889868112057887,-0.0888847187301011,0.05823060749454823,-0.0733985861279209,-0.006738683668921668,-0.023199954187428137,-0.01522028965808987,0.09738184482075586,0.10394969210405595,-0.2657747643296581,-0.029597586028405405,1.0,-0.1067141169712596,0.0148857744718362,-0.05491448029891858,-0.05490829501920557,-0.06292562197217251,-0.06291556022626342,-0.05873092537824514,-0.03578725918293705,0.00014582903404930666,0.001951775441604569,0.0026057828282711293,-0.025202299372653735,0.01671896991295009,0.10984434341796073,,0.006545966354586703,-0.12795449126159328,-0.0024582117853549058,0.03537673032830006,-0.07718419580735172,0.06980340352256317,-0.03911743704692238,0.052021411492605994,0.04371824919334939,-0.01430767209095802,-0.01827597109858989,0.021355399675743122,0.10256337192108139,0.1207914489120435,-0.15147383148770446,-0.036524653750359036,-0.10785105230344438,0.06004582421701219,-0.0033492514349499733,0.10622360591782683,0.10961661732260995,-0.05970621348116143,-0.08590577184828939,-0.052939044476923325,0.0019735390469494177,0.003199555485330583,0.04498208910914504,0.0493665657611565,-0.06622917643546992,-0.06573800246675371,0.007399845181606823,-0.05171285171607606,0.13394021136282713,-0.06300826571658451,0.12694759680770965,0.043928515964566484,-0.041805747841697175,-0.0069636125738723855,-0.03210060525630117,0.011189127232469342,-0.012843086568807753,-0.0054596354831196485,0.03142015086594042,-0.016650362187593144,-0.03446314175477334,0.0010686509759040555,-0.007092098444067041,0.011976787536233168,0.10533627275961387,-0.059723049053354266,-0.05750723484627827,0.6157938404413399,0.7200370168660527,-0.08277732579273225,-0.06806055007257923,-0.14387242249633136,-0.026031599876617927
revol_bal,0.003774427370297316,0.003744758811243875,0.3346562422750239,0.3346562422750239,0.33466368392378865,-0.05741173921858214,0.3140900607909114,0.270173980268432,0.04813511389420286,-0.03580146930669359,-0.01230299330360361,-0.027621918496418686,-0.022069651175128123,0.22298706970009094,-0.1067141169712596,1.0,0.18019062442819936,0.21674643267810906,0.21676725984656958,0.23288550102616645,0.2328822778131557,0.19785935951333755,0.19673985541729966,0.00965679626277363,0.008372794716592167,0.008468726217195745,0.07821101602095777,-0.029719083053292086,-0.0048653175062876655,,0.29205684520426334,0.20983659550868314,-0.003010812971937171,-0.030903086671794075,0.45573545191170356,-0.04031858904005139,-0.005418287321160097,-0.051476698251488866,-0.03855660935124339,0.03236980248166604,0.06812066164969091,-0.11571126912660927,-0.01977074381243321,-0.0090508068686873,0.5820091724493118,0.10444946926585086,0.8334228381896381,-0.047680678317710216,0.02385274968961474,-0.025109521595199677,-0.02855324504242555,0.30057104468881435,0.17841305729253554,0.15415084857781758,-0.014792610013251231,-0.0011264901629351484,0.09403225864568686,0.2292510677288444,0.03389585512382175,0.037997266763010865,0.2007021524818261,0.03602628023077354,-0.051485882364705596,0.009005949884111178,-0.05030829173267443,-0.08590473649042546,0.3130373370356587,0.3030620786344811,0.28596802309831315,0.22624717663604735,-0.0023950705122003776,0.24113116342661897,0.21492877623338408,0.3031566344831779,0.2221487744359893,-0.005712060278099524,0.00229224353885212,-0.04067212558437,-0.036701836152903386,0.12808679815845295,0.12174014926899301,-0.1320124564765703,-0.019115515808417284,0.4814016117295347,0.5149918863447933,0.5040891126465948,0.10929861573408081
total_acc,-0.014478788484577836,-0.014672537268498032,0.20842977882329305,0.20842977882329305,0.20846354079565857,-0.04021091939321321,0.18350861328951046,0.1598040243805094,0.08049949451517059,0.11462261468993917,0.16102868527439956,-0.03347817819936996,-0.1289777968116295,0.7094985037800634,0.0148857744718362,0.18019062442819936,1.0,0.10044551232315561,0.10047277440448224,0.16685170163841714,0.16687086889582434,0.14677337485689507,0.12089729697772826,0.0009699574589792767,0.017125415429502088,0.018078784179710098,0.09705707560074946,0.004482090412439094,-0.029613230552393312,,0.2187056741464443,0.228739870768695,0.025180836048768588,0.027460982411526978,0.3054558083006409,0.2558938741828166,0.3815879074998241,0.22953371864173988,0.3274159275486087,-0.18123241882484625,0.410463304601407,0.11269047613861577,0.2510040589514581,0.32295116688977543,0.11205421282975078,-0.0036394015135485826,0.2775934640180191,0.15030027934235196,0.2643224312194903,0.20023085614532438,0.43599134815509727,0.042199162884903565,0.22227920379955407,-0.1032823850617833,0.0410744782135788,0.006149166575678233,0.3246811538674915,0.27285259505063425,-0.17657790405244878,-0.2121419609674582,0.3563870093165493,-0.13312719212490887,0.022559313600394,-0.12813330462208009,-0.008396151309657257,0.14892622570324132,0.29863017117014373,0.40841449691385295,0.3974010285791957,0.6252678904514464,0.6682317578262628,0.562150601177029,0.7616716344472577,0.4067238860677024,0.705165604630011,0.008466616006986484,0.02165442398478785,0.06941067984552494,0.335308515199352,0.01918178520956004,-0.09050054310100339,0.058620753304577146,-0.02356779015772079,0.327725458854011,0.4270749400445024,0.2624164961531581,0.419243121379812
out_prncp,0.19218658246319534,0.19188347814974968,0.6239258977095371,0.6239258977095371,0.6238575972868913,0.1063146702923232,0.5067316156650415,0.17178011927056258,0.022774090153016013,0.0009391023990570024,-0.061120648280409764,-0.03124967434519384,-0.0369973453963477,0.11997562165111532,-0.05491448029891858,0.21674643267810906,0.10044551232315561,1.0,0.9999969329030234,0.04805342719595622,0.04801249344502378,-0.13532449129844917,0.6846059575166353,0.004242111608261581,-0.1277243001836392,-0.12824433641977043,-0.37103968710588914,-0.014449332208392365,-0.020639881013899325,,0.2947991054966074,0.028307276186858178,-0.0010265576595096591,-0.013646677969459283,0.18515826959837473,-0.06553309399984793,0.03382723885558888,-0.043066796518050135,-0.010619363698164264,0.010187489553424668,0.1121822630149997,-0.09013541199832295,-0.0674358293222274,-0.05216899588995677,0.29615903417111933,0.0499210614959151,0.19497214486880074,-0.01171094086606675,0.026900253927245748,-0.028259858264970125,-0.0630153437068066,0.12847710297982806,0.08738144701216001,0.09079041300913537,-0.0038736644068466538,-0.0018192323759526803,0.10753633097780751,0.13608259170939482,0.07596253106485386,0.06012406549047112,0.12318062028875947,0.06752095725505636,-0.05254939121693161,0.03896312101725364,-0.04502188704917535,-0.040861876830984904,0.15511337371844255,0.13075975214701227,0.13223078300578578,0.09122995240239797,0.03880429996505095,0.10532337907796648,0.07918202427766162,0.13515024996676966,0.12071290029375123,-0.002031821693806891,0.00036759801103153274,-0.017941048620378243,-0.08265461866267731,0.05208409295233962,0.06221332336877759,-0.08726934247440872,0.00837968181023985,0.19829057503362965,0.18754698008381934,0.23163287845340846,0.13443926651428398
out_prncp_inv,0.1920577910774415,0.1917551383765028,0.6239605392844069,0.6239605392844069,0.623899177682128,0.10608053852856691,0.5067446953031759,0.17183644580349286,0.022735973687709975,0.0009256270317545783,-0.06116050992135197,-0.03123613862049479,-0.036947759280319466,0.11997749572526778,-0.05490829501920557,0.21676725984656958,0.10047277440448224,0.9999969329030234,1.0,0.04809219955314983,0.0480550244335244,-0.13526753516458515,0.6845568055917289,0.004227547734016639,-0.1277303409849812,-0.1282504018168515,-0.37105777559597014,-0.014463452218968222,-0.02063108971233189,,0.29498414892975877,0.028138797578508328,-0.0010370977909635014,-0.013646128989683317,0.18520069872751835,-0.06562129990779879,0.033806357206519366,-0.043176366421024334,-0.010739457808231125,0.010251226741061905,0.11215764531409858,-0.09020921332552428,-0.06752684810982891,-0.0522589990986408,0.29623874411859386,0.04977932764707929,0.19503808930532915,-0.01178253747859252,0.02691330888637866,-0.028345601422666074,-0.06309227313572209,0.12851241293489596,0.08748721793499582,0.0907054997421553,-0.003882031716577624,-0.0018224042997443642,0.10757906546374058,0.1361483160475249,0.0759981568417561,0.060174511719527216,0.12322603852390994,0.06755248308458556,-0.05255736572255756,0.03900018528113257,-0.0450185665616174,-0.04088772233400843,0.15512052136565715,0.1307387349421977,0.13226684652308182,0.09128100625953561,0.03879344678825393,0.10533552282173829,0.07921940844364768,0.13512690133068364,0.1207150806045552,-0.002039082277272226,0.0003576048821264702,-0.017952833817482257,-0.08272707925977187,0.05211313641587105,0.06212712099423858,-0.08725239779667761,0.008372038873835403,0.1983455100539966,0.18754962439205192,0.23173165272416232,0.1344399126536954
total_pymnt,-0.21988313607681392,-0.2199448991918051,0.7061839374833335,0.7061839374833335,0.7062585597343267,0.0872561074840131,0.7325788608006023,0.2338169876639672,-0.015898344438081767,-0.013172962764167738,-0.0082324904215499,-0.015817010531864645,0.007900955761437806,0.12373924886659056,-0.06292562197217251,0.23288550102616645,0.16685170163841714,0.04805342719595622,0.04809219955314983,1.0,0.9999968298342914,0.9648763787990247,0.46046585267184187,0.012846590435231592,-0.038244172225494096,-0.03915246740125073,0.7425035252427774,-0.025028234282098872,-0.007439726116761803,,0.2618634925265678,-0.01788489063735936,0.0021447207050225236,-0.013093682455065212,0.25630033356746224,0.009435372136226283,0.004370170038753204,0.02351813845320071,0.03968727698047232,-0.02548091360970298,0.08064135657994506,-0.04733020544367507,-0.0028576275540818526,0.012229243986710112,0.26609214630557115,-0.02026704084716243,0.2410859307929102,0.016459880135570537,0.07595570876318555,0.03925877101705589,0.019886856976218333,0.1987552556055223,0.16697697740796685,0.015411337330262752,-0.004289451660457987,-0.0014897323282266825,0.08291208620087134,0.11908125975032527,0.024781288737074872,0.00880580492260018,0.19566427605022413,0.0160901189150947,-0.024897447166276714,-0.014312369977022838,-0.021775641446857327,-0.03365754976808195,0.12850774612454838,0.09250129543080583,0.15381608535256058,0.16615447864669022,0.053619504840310236,0.12014679193619102,0.14331745257472098,0.091018392188496,0.12443400969452269,0.00038627966243380335,0.00396164306669568,-0.02301300050575237,0.0031567270479244116,0.07763437680362252,-0.0032931097573243866,-0.0803335138958995,-0.0039492475860326524,0.2710166950200283,0.19800423112291093,0.2876658882975912,0.13385606600282543
total_pymnt_inv,-0.22007779076962175,-0.22013870946040504,0.7061568323445176,0.7061568323445176,0.7062389074316778,0.08702751011944454,0.7325450721098226,0.23385356173110572,-0.015935422928695736,-0.013186191261318618,-0.008275641968952618,-0.015797040946687088,0.007975316741795104,0.1237366866816842,-0.06291556022626342,0.2328822778131557,0.16687086889582434,0.04801249344502378,0.0480550244335244,0.9999968298342914,1.0,0.9648918850361298,0.46039881897764784,0.012834659672758703,-0.038240131589335445,-0.03914992941054391,0.7424623730257475,-0.02504646948511639,-0.007422413131516141,,0.26204026821465143,-0.01811795525480898,0.002137633521857971,-0.013091962424065177,0.2563236660352406,0.00937502965441879,0.004335704371829934,0.02342596762395697,0.03959433216222058,-0.025423585554763924,0.0806119039816182,-0.04736954420656286,-0.0029283655007614176,0.01216512759747128,0.26613712139587037,-0.02040963068012658,0.2411319943516254,0.016409637090906367,0.07596477151383157,0.03918320707590879,0.019823502905005078,0.1987747659022097,0.16707673063583892,0.015321834575388021,-0.004300755229587827,-0.0014900765219885948,0.08294430190983429,0.11913022605561843,0.024807370456317857,0.008841259594344128,0.19569116320850516,0.01611416495990685,-0.024899869373864316,-0.014273641091073437,-0.021759650450731756,-0.033675557191566854,0.12850094754955715,0.0924753901956228,0.15383579914145665,0.16619098421444425,0.053612081735851184,0.12015340721931039,0.14334424932800177,0.09099114288326572,0.12443174176974045,0.00037834955817949513,0.003955129617282162,-0.023019951662913693,0.003092181853368372,0.07765878196667889,-0.003378305972239083,-0.08030820389445976,-0.003961202920725528,0.27105078751524914,0.19799313080671055,0.2877399484111198,0.13384827586602213
